商品所在货架信息：
商品编号	横坐标	纵坐标
1	1	2
2	5	2
3	3	7
4	3	5
5	7	6
6	1	2
7	5	4
8	1	2
9	5	7
10	3	4
11	5	8
12	2	8
13	2	1
14	7	5
15	4	3
16	5	8
17	8	4
18	4	6
19	8	6
20	2	3
21	5	3
22	6	4
23	8	8
24	7	2
25	5	8
26	5	8
27	1	3
28	6	7
29	5	6
30	4	8
31	3	5
32	5	2
33	1	6
34	3	4
35	5	7
36	4	5
37	7	3
38	5	2
39	5	1
40	3	8
41	2	5
42	2	3
43	8	3
44	2	6
45	1	2
46	6	4
47	8	5
48	7	6
49	5	8
50	1	6
51	1	1
52	3	3
53	6	4
54	5	6
55	3	4
56	5	4
57	7	7
58	3	5
59	3	1
60	6	5
61	5	3
62	6	1
63	2	5
64	3	4
65	4	2
66	5	2
67	4	4
68	6	5
69	2	8
70	6	6
71	3	3
72	5	6
73	2	4
74	6	5
75	2	4
76	2	4
77	2	3
78	2	6
79	2	5
80	1	4
81	5	5
82	1	1
83	8	1
84	5	2
85	2	6
86	7	3
87	4	5
88	4	6
89	3	6
90	4	5
91	4	4
92	6	2
93	7	2
94	3	5
95	7	4
96	2	5
97	1	8
98	4	3
99	3	6
100	8	4
订单序列	品项数	商品编号
1	7	96	2	83	21	70	66	3	
2	7	95	18	14	62	63	94	22	
3	2	81	4	
4	5	4	23	78	14	8	
5	7	57	5	66	25	91	52	66	
6	2	73	60	
7	8	21	66	80	61	10	38	41	43	
8	3	62	97	21	
9	3	6	2	29	
10	5	100	42	46	88	14	
11	6	97	85	58	72	53	78	
12	3	36	15	51	
13	2	1	97	
14	1	16	
15	2	56	9	
16	8	67	93	55	28	36	19	36	96	
17	5	57	100	35	2	19	
18	6	95	44	44	12	45	42	
19	2	71	88	
20	4	26	29	35	89	
21	2	33	40	
22	2	2	19	
23	4	28	30	63	33	
24	1	52	
25	7	29	95	88	79	9	77	17	
26	4	47	50	51	60	
27	6	74	52	83	42	94	30	
28	7	74	88	83	69	78	5	98	
29	5	19	68	94	29	19	
30	6	70	47	64	86	25	54	
31	7	6	2	77	59	45	90	51	
32	1	38	
33	8	46	43	7	48	12	98	80	58	
34	2	30	38	
35	6	45	95	91	6	57	97	
36	3	78	34	21	
37	4	63	58	58	8	
38	3	77	24	100	
39	2	96	32	
40	7	2	92	51	23	90	64	20	
41	2	66	8	
42	7	9	23	53	28	75	71	17	
43	2	48	87	
44	8	47	23	76	63	74	71	58	74	
45	3	58	23	64	
46	4	66	38	23	84	
47	6	50	88	40	63	80	63	
48	6	6	49	55	53	47	13	
49	4	32	55	53	28	
50	1	74	
51	5	28	25	98	43	84	
52	4	32	7	89	30	
53	2	74	31	
54	7	9	3	90	45	58	76	97	
55	8	57	61	38	79	92	20	69	34	
56	6	28	41	35	32	83	37	
57	8	10	39	93	17	3	74	42	87	
58	8	64	35	40	15	24	23	65	4	
59	7	49	58	43	93	82	100	53	
60	7	89	87	95	53	11	74	14	
61	7	55	78	79	20	48	77	19	
62	6	97	90	80	15	98	76	
63	3	14	99	87	
64	2	81	66	
65	6	85	39	62	76	100	86	
66	7	35	1	3	30	17	61	4	
67	3	62	73	92	
68	7	9	46	96	91	16	5	100	
69	2	41	25	
70	7	39	34	50	26	82	52	90	
71	3	82	43	33	
72	8	12	58	93	3	97	97	26	48	
73	7	24	53	14	64	4	87	11	
74	6	5	8	46	1	16	6	
75	2	45	53	
76	4	15	9	67	8	
77	8	100	79	19	59	45	91	58	9	
78	4	8	40	97	57	
79	2	17	7	
80	4	21	68	5	97	
81	3	48	32	54	
82	3	51	57	62	
83	6	33	37	79	58	63	57	
84	5	52	5	62	66	56	
85	8	63	29	45	31	29	63	58	47	
86	4	49	73	66	32	
87	7	69	67	19	46	77	28	25	
88	5	33	100	75	24	80	
89	4	24	25	37	76	
90	4	48	40	10	69	
91	7	51	58	44	8	83	99	39	
92	1	39	
93	1	47	
94	8	99	1	51	93	12	11	16	70	
95	2	86	76	
96	6	22	31	55	54	78	40	
97	8	57	6	62	83	58	35	50	3	
98	6	80	14	87	5	9	100	
99	1	17	
100	7	51	24	21	100	51	24	8	
101	2	6	19	
102	6	93	98	36	38	77	75	
103	1	26	
104	7	81	61	95	40	56	96	57	
105	3	75	54	78	
106	2	50	99	
107	4	64	76	84	37	
108	7	48	48	17	72	29	81	10	
109	8	48	83	24	63	88	11	36	28	
110	2	88	45	
111	7	2	16	33	19	56	21	100	
112	2	62	81	
113	2	97	72	
114	2	100	42	
115	3	68	72	76	
116	6	14	21	60	45	80	73	
117	4	58	11	60	50	
118	8	56	72	49	84	13	46	63	26	
119	7	97	62	69	34	97	65	56	
120	6	10	98	20	32	14	12	
121	2	93	34	
122	8	46	50	88	79	54	100	39	89	
123	6	23	50	18	92	7	63	
124	6	86	62	23	56	40	53	
125	2	97	54	
126	3	60	80	53	
127	5	5	42	36	56	27	
128	7	12	1	47	100	86	94	100	
129	7	51	55	38	18	12	77	63	
130	8	58	84	87	91	22	62	48	84	
131	8	5	75	90	100	6	85	76	66	
132	4	82	71	65	79	
133	3	60	96	31	
134	1	29	
135	6	87	41	31	11	20	52	
136	4	53	21	92	2	
137	5	89	51	12	39	83	
138	1	64	
139	2	50	13	
140	8	29	41	90	62	11	57	78	46	
141	4	36	36	98	60	
142	4	90	79	88	79	
143	3	94	54	55	
144	7	9	45	12	89	31	22	18	
145	3	63	3	45	
146	8	82	16	34	91	98	40	60	67	
147	6	2	58	2	29	50	84	
148	1	75	
149	5	1	96	34	58	93	
150	3	80	66	54	
151	2	30	9	
152	1	30	
153	2	93	1	
154	5	71	54	43	38	21	
155	4	20	91	53	76	
156	6	69	68	36	85	62	41	
157	3	35	8	54	
158	7	92	30	25	90	20	28	16	
159	5	34	29	84	39	18	
160	3	98	57	66	
161	2	9	5	
162	4	1	18	1	17	
163	1	75	
164	6	55	63	72	13	45	28	
165	6	46	67	36	89	65	90	
166	7	34	74	23	51	59	25	37	
167	1	87	
168	6	55	21	37	47	69	33	
169	6	42	12	72	95	58	37	
170	5	18	60	93	96	14	
171	3	86	13	53	
172	1	66	
173	3	48	5	88	
174	4	14	40	37	2	
175	7	52	10	46	87	68	36	14	
176	4	43	14	5	35	
177	3	81	33	71	
178	5	80	3	94	8	84	
179	6	87	13	63	58	77	71	
180	4	35	96	10	46	
181	3	31	88	40	
182	6	37	10	92	4	11	50	
183	7	85	40	13	85	62	93	81	
184	5	84	94	28	14	61	
185	5	63	87	90	80	41	
186	2	10	3	
187	2	62	18	
188	1	2	
189	3	69	24	43	
190	5	47	70	88	43	93	
191	8	7	15	54	84	83	78	41	32	
192	3	49	90	32	
193	2	49	19	
194	3	25	80	7	
195	2	80	52	
196	5	10	10	45	58	83	
197	2	22	16	
198	8	18	57	85	13	84	99	47	41	
199	1	79	
200	6	5	9	83	31	15	21	
201	5	97	5	33	94	92	
202	5	12	17	89	44	87	
203	6	57	83	30	94	3	56	
204	8	70	9	32	75	31	86	24	94	
205	6	17	83	10	100	46	72	
206	2	27	86	
207	4	72	6	63	75	
208	1	54	
209	5	48	24	79	33	61	
210	7	58	62	93	19	55	100	12	
211	2	58	19	
212	8	89	71	59	50	34	30	62	17	
213	8	65	80	6	23	53	51	32	93	
214	8	56	1	71	80	63	88	71	73	
215	5	95	11	91	49	52	
216	3	78	48	18	
217	3	18	78	46	
218	8	42	35	37	12	94	28	64	48	
219	6	10	23	93	84	15	88	
220	7	36	28	33	91	9	80	42	
221	3	18	36	20	
222	4	58	43	23	95	
223	8	77	7	79	99	94	32	13	62	
224	7	22	69	87	94	64	96	91	
225	7	57	37	45	4	80	59	87	
226	3	51	76	22	
227	4	86	23	22	59	
228	8	8	68	7	60	89	4	87	99	
229	8	70	27	95	99	19	8	16	57	
230	5	76	53	71	47	49	
231	8	88	66	38	45	62	44	51	77	
232	5	9	55	22	56	16	
233	3	89	84	46	
234	2	89	17	
235	5	54	57	38	96	39	
236	6	31	100	67	61	70	82	
237	5	14	18	45	81	66	
238	4	10	60	11	31	
239	8	19	49	29	97	89	27	68	72	
240	6	75	82	83	13	50	9	
241	7	95	39	68	77	39	6	84	
242	8	23	38	63	68	64	82	76	87	
243	4	63	30	9	92	
244	5	19	31	64	94	69	
245	1	11	
246	1	84	
247	6	78	59	70	76	10	42	
248	3	6	30	68	
249	3	81	72	42	
250	5	26	83	38	61	66	
251	1	92	
252	7	96	69	73	91	34	15	92	
253	2	86	5	
254	4	18	11	61	90	
255	3	46	53	16	
256	7	77	49	28	11	34	1	29	
257	8	23	27	94	59	98	90	8	33	
258	6	31	6	96	12	16	68	
259	8	44	85	76	9	1	71	24	8	
260	8	73	45	52	5	88	91	38	67	
261	8	46	61	30	34	90	83	24	25	
262	5	37	99	70	97	18	
263	5	40	45	32	88	57	
264	1	27	
265	8	79	64	45	79	26	77	44	16	
266	3	61	62	54	
267	7	17	50	23	91	24	98	6	
268	3	67	17	100	
269	7	71	18	21	33	41	30	92	
270	4	81	36	39	32	
271	5	60	40	99	16	28	
272	3	99	24	80	
273	1	94	
274	7	50	39	77	87	79	22	7	
275	3	33	63	9	
276	3	100	59	98	
277	1	84	
278	1	80	
279	1	81	
280	5	52	16	67	31	99	
281	6	79	75	100	4	64	31	
282	3	21	70	7	
283	4	99	27	8	65	
284	2	17	38	
285	1	95	
286	6	80	36	27	56	74	6	
287	3	73	99	47	
288	3	63	18	12	
289	6	3	59	87	21	41	20	
290	4	22	40	40	22	
291	4	6	54	35	15	
292	6	57	40	16	75	85	10	
293	1	68	
294	8	54	72	29	95	67	34	17	69	
295	8	73	27	63	60	20	13	6	4	
296	2	55	58	
297	3	48	23	55	
298	8	70	8	91	26	88	59	12	89	
299	4	71	92	74	27	
300	6	71	3	66	51	31	88	
301	5	96	99	33	92	18	
302	2	74	28	
303	2	87	31	
304	7	87	82	5	9	68	94	83	
305	4	47	13	63	24	
306	5	33	100	94	5	34	
307	7	1	64	9	85	30	36	81	
308	1	55	
309	6	49	99	95	76	49	41	
310	1	23	
311	6	31	41	35	98	27	35	
312	1	82	
313	4	59	55	12	67	
314	2	4	31	
315	5	88	42	6	32	49	
316	8	36	91	11	47	48	87	22	87	
317	8	66	80	36	40	55	3	65	65	
318	1	8	
319	7	60	3	32	61	45	82	11	
320	2	27	46	
321	8	87	69	97	14	5	27	75	70	
322	3	3	47	60	
323	2	30	57	
324	7	61	46	4	25	16	27	78	
325	4	73	91	59	2	
326	6	62	73	51	75	78	54	
327	1	8	
328	2	78	11	
329	5	27	92	10	67	75	
330	2	48	81	
331	4	55	10	15	58	
332	1	68	
333	6	38	58	31	7	45	73	
334	4	92	47	39	88	
335	6	12	32	40	93	84	10	
336	4	32	17	36	84	
337	8	81	26	36	83	25	56	100	26	
338	1	56	
339	8	22	52	43	8	63	3	77	67	
340	1	100	
341	8	17	96	12	72	90	2	55	55	
342	8	25	59	30	71	5	19	92	48	
343	5	62	70	56	46	51	
344	6	4	37	5	83	22	45	
345	3	96	42	29	
346	8	26	4	54	70	72	59	49	62	
347	6	4	92	24	19	80	54	
348	1	8	
349	6	90	52	1	20	54	5	
350	5	71	35	45	80	19	
351	6	88	61	42	98	47	90	
352	5	65	6	34	78	61	
353	7	72	12	2	48	21	60	39	
354	5	38	65	53	75	61	
355	8	83	4	16	28	90	95	5	11	
356	6	40	93	29	14	52	31	
357	8	52	69	18	45	5	80	8	79	
358	8	72	82	77	77	11	12	36	57	
359	8	80	51	18	100	85	65	37	92	
360	7	4	60	1	93	12	63	15	
361	5	80	40	23	75	8	
362	7	86	45	70	99	98	40	25	
363	7	80	16	93	49	15	15	25	
364	2	55	60	
365	3	36	12	53	
366	4	24	95	60	26	
367	3	69	11	75	
368	8	82	64	8	80	38	2	40	95	
369	4	3	26	27	20	
370	3	85	36	76	
371	6	30	17	31	83	25	66	
372	1	58	
373	8	28	48	52	42	28	83	98	71	
374	7	79	23	26	95	13	35	55	
375	6	35	33	87	26	99	79	
376	6	31	64	37	100	23	67	
377	6	57	92	93	42	36	3	
378	7	10	58	67	88	68	54	6	
379	5	78	35	91	28	11	
380	5	15	33	43	16	66	
381	3	32	95	37	
382	2	77	98	
383	2	76	81	
384	4	92	28	90	78	
385	2	10	40	
386	2	62	52	
387	8	82	66	37	59	24	26	46	94	
388	2	23	96	
389	6	99	87	15	4	91	17	
390	5	30	21	44	51	6	
391	5	13	68	58	77	11	
392	3	69	8	55	
393	4	35	26	47	8	
394	1	81	
395	5	99	22	32	97	88	
396	2	53	87	
397	4	2	20	27	72	
398	1	57	
399	8	7	19	59	100	45	68	98	22	
400	4	93	50	69	58	
401	8	83	88	86	60	90	8	80	78	
402	3	13	23	38	
403	2	47	22	
404	2	73	46	
405	6	40	84	49	58	72	9	
406	5	52	95	82	83	68	
407	1	36	
408	7	32	56	63	50	57	59	17	
409	3	21	74	37	
410	7	75	77	78	16	44	98	77	
411	4	75	13	41	19	
412	3	58	71	45	
413	1	16	
414	1	47	
415	2	59	56	
416	7	90	81	31	41	40	28	84	
417	2	50	38	
418	8	5	64	89	58	80	32	69	5	
419	1	55	
420	2	64	66	
421	5	47	92	85	28	86	
422	6	58	75	76	86	32	37	
423	8	24	53	47	70	5	1	37	81	
424	4	22	66	9	23	
425	1	82	
426	8	52	25	15	38	58	26	90	32	
427	7	36	51	81	55	30	76	76	
428	1	1	
429	8	97	1	92	25	74	93	91	52	
430	4	57	8	6	38	
431	5	88	36	95	68	19	
432	8	10	76	25	10	33	4	62	53	
433	6	91	77	86	83	49	54	
434	2	66	26	
435	2	20	17	
436	4	8	98	84	75	
437	1	82	
438	2	44	59	
439	6	23	57	81	61	76	47	
440	2	12	99	
441	3	11	58	76	
442	6	93	45	18	61	45	97	
443	2	40	44	
444	4	93	88	28	5	
445	5	19	20	76	72	23	
446	2	94	58	
447	6	56	9	84	57	40	73	
448	6	95	90	42	51	73	12	
449	7	45	2	89	1	49	76	49	
450	1	55	
451	2	94	66	
452	7	92	7	89	22	57	87	25	
453	6	26	57	18	74	95	85	
454	1	36	
455	1	27	
456	3	2	46	38	
457	5	78	18	24	57	76	
458	3	94	8	82	
459	3	60	72	21	
460	6	21	80	6	41	30	26	
461	7	75	1	47	21	58	2	68	
462	4	41	91	6	11	
463	2	14	94	
464	3	91	3	11	
465	3	48	77	75	
466	7	6	59	42	71	31	85	17	
467	7	51	31	32	47	27	54	96	
468	6	6	85	99	90	71	49	
469	1	18	
470	6	28	43	22	14	37	20	
471	6	33	58	54	61	39	46	
472	7	56	63	42	90	28	93	40	
473	5	78	69	18	28	66	
474	6	89	42	49	8	74	30	
475	7	8	96	98	76	56	79	29	
476	8	95	44	27	71	22	41	45	62	
477	2	7	12	
478	3	84	76	50	
479	6	42	94	23	94	38	49	
480	8	56	27	43	31	39	21	27	53	
481	8	58	98	27	68	52	34	23	13	
482	4	99	18	56	95	
483	5	23	78	29	90	29	
484	1	6	
485	8	91	26	12	16	61	12	63	31	
486	1	50	
487	1	1	
488	7	60	75	24	57	23	83	97	
489	7	50	25	99	60	4	99	60	
490	2	54	27	
491	2	9	76	
492	3	13	3	52	
493	2	62	12	
494	1	95	
495	7	32	22	5	22	66	69	84	
496	6	49	21	96	20	5	37	
497	2	57	83	
498	2	32	53	
499	1	9	
500	2	49	82	
